1.040000000000000036e+01
9.000000000000000000e+00
7.799999999999999822e+00
6.599999999999999645e+00
7.900000000000000355e+00
1.069999999999999929e+01
1.219999999999999929e+01
1.219999999999999929e+01
1.019999999999999929e+01
1.090000000000000036e+01
9.699999999999999289e+00
9.000000000000000000e+00
6.700000000000000178e+00
4.799999999999999822e+00
8.199999999999999289e+00
9.900000000000000355e+00
9.800000000000000711e+00
8.599999999999999645e+00
8.800000000000000711e+00
7.299999999999999822e+00
6.200000000000000178e+00
3.000000000000000000e+00
5.000000000000000000e-01
4.500000000000000000e+00
6.299999999999999822e+00
3.299999999999999822e+00
1.600000000000000089e+00
1.699999999999999956e+00
2.299999999999999822e+00
1.800000000000000044e+00
1.100000000000000089e+00
